data_name 4rnsx.011
_date_  10-30-2013
_time_  11:36:47
_software_ AVIV 60DS  V4.1t
_raw_data_
_hardware_tc_ 1
_fs_range_ 500.000000
_fs_cal_ 100.000000
_gain_factor_ 5.000000
_err_strngncy_ 3
_error_filter_  10
_srvo_strngncy_ 4
_n_points  61
x_decr
x_unit nanometers
y_unit millidegrees
_y_type_   millidegrees
oplevel 1.005 uAx2
_slit_mode_ _constant_bandwidth_
bandwidth 1.50 nm
_temperature_ 25.0 C
_x_range   200.00 to 260.00 nanometers
scan_step 1.00 nm
_avg_time_ 2.0 s
_data_
260.00 -0.818
259.00 -0.733
258.00 -0.564
257.00 -0.882
256.00 -0.654
255.00 -0.928
254.00 -0.763
253.00 -1.097
252.00 -1.013
251.00 -0.826
250.00 -0.885
249.00 -0.793
248.00 -0.931
247.00 -1.248
246.00 -1.283
245.00 -1.300
244.00 -1.474
243.00 -1.150
242.00 -1.492
241.00 -1.391
240.00 -1.610
239.00 -2.016
238.00 -2.106
237.00 -2.536
236.00 -2.895
235.00 -3.231
234.00 -3.242
233.00 -3.794
232.00 -4.419
231.00 -4.740
230.00 -5.072
229.00 -5.451
228.00 -5.445
227.00 -5.593
226.00 -5.821
225.00 -6.849
224.00 -6.751
223.00 -7.173
222.00 -7.767
221.00 -7.409
220.00 -7.128
219.00 -8.172
218.00 -7.220
217.00 -6.878
216.00 -7.168
215.00 -7.061
214.00 -7.372
213.00 -7.004
212.00 -6.604
211.00 -6.888
210.00 -7.652
209.00 -7.560
208.00 -7.269
207.00 -6.922
206.00 -5.543
205.00 -6.401
204.00 -3.732
203.00 -2.647
202.00 -2.818
201.00 0.398
200.00 2.368
_data_end_
