data_name 4rnsx.013
_date_  10-30-2013
_time_  11:43:48
_software_ AVIV 60DS  V4.1t
_raw_data_
_hardware_tc_ 1
_fs_range_ 500.000000
_fs_cal_ 100.000000
_gain_factor_ 5.000000
_err_strngncy_ 3
_error_filter_  10
_srvo_strngncy_ 4
_n_points  61
x_decr
x_unit nanometers
y_unit millidegrees
_y_type_   millidegrees
oplevel 1.005 uAx2
_slit_mode_ _constant_bandwidth_
bandwidth 1.50 nm
_temperature_ 25.0 C
_x_range   200.00 to 260.00 nanometers
scan_step 1.00 nm
_avg_time_ 2.0 s
_data_
260.00 -0.834
259.00 -0.539
258.00 -0.974
257.00 -0.855
256.00 -0.900
255.00 -0.816
254.00 -0.818
253.00 -0.717
252.00 -0.813
251.00 -0.861
250.00 -0.833
249.00 -0.895
248.00 -1.018
247.00 -1.004
246.00 -1.097
245.00 -1.018
244.00 -1.263
243.00 -1.204
242.00 -1.481
241.00 -1.807
240.00 -1.275
239.00 -1.904
238.00 -2.198
237.00 -2.326
236.00 -2.883
235.00 -2.999
234.00 -3.363
233.00 -4.126
232.00 -3.980
231.00 -4.386
230.00 -4.988
229.00 -5.362
228.00 -5.889
227.00 -6.255
226.00 -6.049
225.00 -6.441
224.00 -6.876
223.00 -7.379
222.00 -7.560
221.00 -7.277
220.00 -7.305
219.00 -7.306
218.00 -6.981
217.00 -7.275
216.00 -7.551
215.00 -7.583
214.00 -7.127
213.00 -7.685
212.00 -6.664
211.00 -7.319
210.00 -7.548
209.00 -7.747
208.00 -7.738
207.00 -8.171
206.00 -6.523
205.00 -6.169
204.00 -4.530
203.00 -3.521
202.00 -1.108
201.00 0.223
200.00 2.933
_data_end_
