data_name 4rnsx.004
_date_  10-30-2013
_time_  11:12:17
_software_ AVIV 60DS  V4.1t
_raw_data_
_hardware_tc_ 1
_fs_range_ 500.000000
_fs_cal_ 100.000000
_gain_factor_ 5.000000
_err_strngncy_ 3
_error_filter_  10
_srvo_strngncy_ 4
_n_points  61
x_decr
x_unit nanometers
y_unit millidegrees
_y_type_   millidegrees
oplevel 1.005 uAx2
_slit_mode_ _constant_bandwidth_
bandwidth 1.50 nm
_temperature_ 25.0 C
_x_range   200.00 to 260.00 nanometers
scan_step 1.00 nm
_avg_time_ 2.0 s
_data_
260.00 -0.726
259.00 -0.705
258.00 -0.670
257.00 -1.094
256.00 -0.860
255.00 -1.119
254.00 -0.893
253.00 -0.763
252.00 -0.627
251.00 -0.889
250.00 -0.651
249.00 -0.874
248.00 -0.898
247.00 -0.929
246.00 -0.978
245.00 -1.324
244.00 -1.443
243.00 -1.251
242.00 -1.274
241.00 -1.905
240.00 -1.721
239.00 -1.814
238.00 -2.105
237.00 -1.995
236.00 -2.624
235.00 -3.281
234.00 -3.474
233.00 -3.598
232.00 -3.845
231.00 -4.192
230.00 -4.877
229.00 -4.978
228.00 -5.671
227.00 -5.959
226.00 -6.361
225.00 -6.737
224.00 -7.418
223.00 -6.718
222.00 -7.622
221.00 -7.438
220.00 -7.526
219.00 -7.348
218.00 -7.384
217.00 -6.819
216.00 -7.337
215.00 -6.924
214.00 -6.789
213.00 -6.695
212.00 -6.854
211.00 -6.750
210.00 -7.640
209.00 -7.031
208.00 -6.347
207.00 -7.367
206.00 -6.863
205.00 -6.523
204.00 -4.704
203.00 -1.536
202.00 -2.234
201.00 1.053
200.00 2.475
_data_end_
