data_name 4rnsx.002
_date_  10-30-2013
_time_  11:05:17
_software_ AVIV 60DS  V4.1t
_raw_data_
_hardware_tc_ 1
_fs_range_ 500.000000
_fs_cal_ 100.000000
_gain_factor_ 5.000000
_err_strngncy_ 3
_error_filter_  10
_srvo_strngncy_ 4
_n_points  61
x_decr
x_unit nanometers
y_unit millidegrees
_y_type_   millidegrees
oplevel 1.005 uAx2
_slit_mode_ _constant_bandwidth_
bandwidth 1.50 nm
_temperature_ 25.0 C
_x_range   200.00 to 260.00 nanometers
scan_step 1.00 nm
_avg_time_ 2.0 s
_data_
260.00 -0.701
259.00 -0.735
258.00 -0.806
257.00 -0.845
256.00 -0.519
255.00 -0.930
254.00 -1.194
253.00 -0.680
252.00 -0.856
251.00 -0.770
250.00 -0.690
249.00 -0.765
248.00 -1.020
247.00 -0.762
246.00 -1.016
245.00 -0.960
244.00 -1.071
243.00 -1.432
242.00 -1.124
241.00 -1.773
240.00 -1.565
239.00 -1.877
238.00 -2.073
237.00 -2.050
236.00 -2.597
235.00 -3.236
234.00 -3.140
233.00 -3.814
232.00 -4.714
231.00 -5.032
230.00 -4.828
229.00 -5.188
228.00 -5.803
227.00 -6.084
226.00 -6.578
225.00 -6.857
224.00 -6.609
223.00 -6.768
222.00 -7.154
221.00 -7.392
220.00 -6.883
219.00 -7.894
218.00 -7.630
217.00 -7.164
216.00 -7.815
215.00 -6.885
214.00 -6.624
213.00 -7.260
212.00 -6.821
211.00 -7.287
210.00 -7.474
209.00 -7.263
208.00 -8.400
207.00 -7.299
206.00 -5.888
205.00 -6.322
204.00 -4.734
203.00 -3.804
202.00 -1.335
201.00 -0.202
200.00 0.784
_data_end_
