data_name 4rnsx.012
_date_  10-30-2013
_time_  11:40:18
_software_ AVIV 60DS  V4.1t
_raw_data_
_hardware_tc_ 1
_fs_range_ 500.000000
_fs_cal_ 100.000000
_gain_factor_ 5.000000
_err_strngncy_ 3
_error_filter_  10
_srvo_strngncy_ 4
_n_points  61
x_decr
x_unit nanometers
y_unit millidegrees
_y_type_   millidegrees
oplevel 1.005 uAx2
_slit_mode_ _constant_bandwidth_
bandwidth 1.50 nm
_temperature_ 25.0 C
_x_range   200.00 to 260.00 nanometers
scan_step 1.00 nm
_avg_time_ 2.0 s
_data_
260.00 -0.452
259.00 -0.668
258.00 -0.704
257.00 -0.647
256.00 -0.577
255.00 -0.882
254.00 -0.693
253.00 -0.560
252.00 -0.797
251.00 -0.808
250.00 -0.944
249.00 -0.968
248.00 -0.993
247.00 -1.043
246.00 -0.830
245.00 -1.368
244.00 -1.148
243.00 -1.577
242.00 -1.090
241.00 -1.349
240.00 -1.326
239.00 -1.688
238.00 -2.300
237.00 -2.445
236.00 -2.459
235.00 -2.620
234.00 -3.711
233.00 -3.856
232.00 -4.349
231.00 -4.843
230.00 -4.966
229.00 -5.240
228.00 -5.953
227.00 -5.979
226.00 -6.752
225.00 -6.571
224.00 -6.527
223.00 -7.439
222.00 -7.143
221.00 -7.307
220.00 -7.556
219.00 -7.385
218.00 -7.676
217.00 -7.187
216.00 -7.170
215.00 -7.231
214.00 -6.906
213.00 -7.615
212.00 -7.174
211.00 -7.271
210.00 -7.355
209.00 -6.857
208.00 -7.508
207.00 -7.600
206.00 -7.632
205.00 -7.086
204.00 -5.487
203.00 -5.129
202.00 -2.453
201.00 0.059
200.00 1.475
_data_end_
