data_name 4rnsx.010
_date_  10-30-2013
_time_  11:33:18
_software_ AVIV 60DS  V4.1t
_raw_data_
_hardware_tc_ 1
_fs_range_ 500.000000
_fs_cal_ 100.000000
_gain_factor_ 5.000000
_err_strngncy_ 3
_error_filter_  10
_srvo_strngncy_ 4
_n_points  61
x_decr
x_unit nanometers
y_unit millidegrees
_y_type_   millidegrees
oplevel 1.005 uAx2
_slit_mode_ _constant_bandwidth_
bandwidth 1.50 nm
_temperature_ 25.0 C
_x_range   200.00 to 260.00 nanometers
scan_step 1.00 nm
_avg_time_ 2.0 s
_data_
260.00 -0.711
259.00 -0.646
258.00 -1.157
257.00 -0.752
256.00 -0.578
255.00 -0.620
254.00 -0.669
253.00 -1.042
252.00 -0.591
251.00 -0.921
250.00 -0.903
249.00 -1.051
248.00 -1.137
247.00 -0.923
246.00 -1.290
245.00 -0.969
244.00 -1.238
243.00 -1.307
242.00 -1.594
241.00 -1.623
240.00 -2.142
239.00 -2.038
238.00 -1.943
237.00 -2.311
236.00 -2.604
235.00 -2.971
234.00 -3.453
233.00 -3.441
232.00 -3.964
231.00 -4.963
230.00 -5.504
229.00 -5.913
228.00 -5.744
227.00 -6.269
226.00 -6.228
225.00 -6.801
224.00 -7.047
223.00 -7.014
222.00 -7.157
221.00 -7.198
220.00 -7.235
219.00 -7.044
218.00 -7.238
217.00 -7.502
216.00 -7.123
215.00 -7.706
214.00 -7.028
213.00 -7.130
212.00 -6.915
211.00 -7.066
210.00 -6.691
209.00 -8.038
208.00 -7.634
207.00 -7.037
206.00 -5.942
205.00 -7.735
204.00 -4.976
203.00 -3.039
202.00 -1.245
201.00 0.950
200.00 3.712
_data_end_
