data_name 4rnsx.009
_date_  10-30-2013
_time_  11:29:48
_software_ AVIV 60DS  V4.1t
_raw_data_
_hardware_tc_ 1
_fs_range_ 500.000000
_fs_cal_ 100.000000
_gain_factor_ 5.000000
_err_strngncy_ 3
_error_filter_  10
_srvo_strngncy_ 4
_n_points  61
x_decr
x_unit nanometers
y_unit millidegrees
_y_type_   millidegrees
oplevel 1.005 uAx2
_slit_mode_ _constant_bandwidth_
bandwidth 1.50 nm
_temperature_ 25.0 C
_x_range   200.00 to 260.00 nanometers
scan_step 1.00 nm
_avg_time_ 2.0 s
_data_
260.00 -0.884
259.00 -0.472
258.00 -0.608
257.00 -0.978
256.00 -1.029
255.00 -0.974
254.00 -0.841
253.00 -0.666
252.00 -1.056
251.00 -0.734
250.00 -0.813
249.00 -0.566
248.00 -0.868
247.00 -0.888
246.00 -1.172
245.00 -1.266
244.00 -0.953
243.00 -1.399
242.00 -1.200
241.00 -1.385
240.00 -1.899
239.00 -1.710
238.00 -2.218
237.00 -2.770
236.00 -2.529
235.00 -3.000
234.00 -3.855
233.00 -4.084
232.00 -4.243
231.00 -4.656
230.00 -5.219
229.00 -5.460
228.00 -5.626
227.00 -6.045
226.00 -6.847
225.00 -7.135
224.00 -7.249
223.00 -7.046
222.00 -7.646
221.00 -7.152
220.00 -7.546
219.00 -7.148
218.00 -7.744
217.00 -7.281
216.00 -7.459
215.00 -6.732
214.00 -6.973
213.00 -6.489
212.00 -6.410
211.00 -6.845
210.00 -7.596
209.00 -7.959
208.00 -6.460
207.00 -7.730
206.00 -7.204
205.00 -5.961
204.00 -4.491
203.00 -3.689
202.00 -3.089
201.00 -0.376
200.00 3.181
_data_end_
