data_name 4rnsx.001
_date_  10-30-2013
_time_  11:01:46
_software_ AVIV 60DS  V4.1t
_raw_data_
_hardware_tc_ 1
_fs_range_ 500.000000
_fs_cal_ 100.000000
_gain_factor_ 5.000000
_err_strngncy_ 3
_error_filter_  10
_srvo_strngncy_ 4
_n_points  61
x_decr
x_unit nanometers
y_unit millidegrees
_y_type_   millidegrees
oplevel 1.005 uAx2
_slit_mode_ _constant_bandwidth_
bandwidth 1.50 nm
_temperature_ 25.0 C
_x_range   200.00 to 260.00 nanometers
scan_step 1.00 nm
_avg_time_ 2.0 s
_data_
260.00 -0.855
259.00 -0.490
258.00 -0.670
257.00 -0.991
256.00 -0.698
255.00 -0.785
254.00 -0.880
253.00 -0.628
252.00 -0.722
251.00 -0.637
250.00 -0.896
249.00 -0.814
248.00 -0.845
247.00 -1.337
246.00 -1.013
245.00 -1.089
244.00 -0.846
243.00 -1.305
242.00 -1.481
241.00 -1.545
240.00 -1.625
239.00 -2.082
238.00 -1.791
237.00 -2.402
236.00 -2.883
235.00 -3.062
234.00 -3.221
233.00 -3.987
232.00 -3.932
231.00 -4.830
230.00 -5.306
229.00 -5.473
228.00 -6.013
227.00 -6.405
226.00 -6.332
225.00 -6.446
224.00 -6.887
223.00 -6.874
222.00 -6.757
221.00 -7.081
220.00 -7.148
219.00 -7.646
218.00 -7.336
217.00 -7.438
216.00 -7.557
215.00 -6.787
214.00 -7.123
213.00 -7.170
212.00 -7.320
211.00 -7.735
210.00 -7.257
209.00 -7.083
208.00 -7.617
207.00 -6.966
206.00 -6.316
205.00 -6.048
204.00 -5.737
203.00 -2.359
202.00 -1.909
201.00 2.167
200.00 3.130
_data_end_
