data_name 4rnsx.003
_date_  10-30-2013
_time_  11:08:47
_software_ AVIV 60DS  V4.1t
_raw_data_
_hardware_tc_ 1
_fs_range_ 500.000000
_fs_cal_ 100.000000
_gain_factor_ 5.000000
_err_strngncy_ 3
_error_filter_  10
_srvo_strngncy_ 4
_n_points  61
x_decr
x_unit nanometers
y_unit millidegrees
_y_type_   millidegrees
oplevel 1.005 uAx2
_slit_mode_ _constant_bandwidth_
bandwidth 1.50 nm
_temperature_ 25.0 C
_x_range   200.00 to 260.00 nanometers
scan_step 1.00 nm
_avg_time_ 2.0 s
_data_
260.00 -0.657
259.00 -0.784
258.00 -0.946
257.00 -0.672
256.00 -0.843
255.00 -0.780
254.00 -0.926
253.00 -0.568
252.00 -0.758
251.00 -0.742
250.00 -0.997
249.00 -0.665
248.00 -0.713
247.00 -0.978
246.00 -1.179
245.00 -0.800
244.00 -0.973
243.00 -1.101
242.00 -1.420
241.00 -1.205
240.00 -1.396
239.00 -2.131
238.00 -2.025
237.00 -2.187
236.00 -2.569
235.00 -3.611
234.00 -3.306
233.00 -3.951
232.00 -4.523
231.00 -4.763
230.00 -4.994
229.00 -5.465
228.00 -5.573
227.00 -6.252
226.00 -6.181
225.00 -6.328
224.00 -6.671
223.00 -7.149
222.00 -7.590
221.00 -7.202
220.00 -7.099
219.00 -6.785
218.00 -7.278
217.00 -7.387
216.00 -7.176
215.00 -7.029
214.00 -7.173
213.00 -6.919
212.00 -6.512
211.00 -6.920
210.00 -7.080
209.00 -6.931
208.00 -7.516
207.00 -7.836
206.00 -7.323
205.00 -6.425
204.00 -4.862
203.00 -2.926
202.00 -0.013
201.00 2.480
200.00 4.054
_data_end_
