data_name 4rnsx.015
_date_  10-30-2013
_time_  11:50:55
_software_ AVIV 60DS  V4.1t
_raw_data_
_hardware_tc_ 1
_fs_range_ 500.000000
_fs_cal_ 100.000000
_gain_factor_ 5.000000
_err_strngncy_ 3
_error_filter_  10
_srvo_strngncy_ 4
_n_points  61
x_decr
x_unit nanometers
y_unit millidegrees
_y_type_   millidegrees
oplevel 1.005 uAx2
_slit_mode_ _constant_bandwidth_
bandwidth 1.50 nm
_temperature_ 25.0 C
_x_range   200.00 to 260.00 nanometers
scan_step 1.00 nm
_avg_time_ 2.0 s
_data_
260.00 -0.682
259.00 -0.802
258.00 -0.929
257.00 -0.754
256.00 -0.636
255.00 -0.954
254.00 -0.888
253.00 -0.664
252.00 -0.624
251.00 -0.905
250.00 -1.170
249.00 -0.856
248.00 -0.902
247.00 -0.731
246.00 -0.978
245.00 -1.050
244.00 -1.078
243.00 -1.537
242.00 -1.315
241.00 -1.199
240.00 -1.686
239.00 -2.182
238.00 -2.560
237.00 -2.111
236.00 -2.781
235.00 -3.183
234.00 -3.753
233.00 -4.211
232.00 -4.517
231.00 -4.822
230.00 -4.773
229.00 -5.285
228.00 -5.766
227.00 -5.593
226.00 -6.987
225.00 -6.584
224.00 -6.849
223.00 -7.219
222.00 -7.419
221.00 -7.263
220.00 -7.648
219.00 -7.644
218.00 -8.020
217.00 -6.922
216.00 -6.917
215.00 -6.631
214.00 -6.910
213.00 -7.238
212.00 -7.329
211.00 -7.166
210.00 -7.713
209.00 -7.731
208.00 -8.452
207.00 -7.156
206.00 -7.225
205.00 -8.024
204.00 -4.959
203.00 -3.941
202.00 -2.586
201.00 1.792
200.00 2.090
_data_end_
