data_name 4rnsx.006
_date_  10-30-2013
_time_  11:19:18
_software_ AVIV 60DS  V4.1t
_raw_data_
_hardware_tc_ 1
_fs_range_ 500.000000
_fs_cal_ 100.000000
_gain_factor_ 5.000000
_err_strngncy_ 3
_error_filter_  10
_srvo_strngncy_ 4
_n_points  61
x_decr
x_unit nanometers
y_unit millidegrees
_y_type_   millidegrees
oplevel 1.005 uAx2
_slit_mode_ _constant_bandwidth_
bandwidth 1.50 nm
_temperature_ 25.0 C
_x_range   200.00 to 260.00 nanometers
scan_step 1.00 nm
_avg_time_ 2.0 s
_data_
260.00 -0.711
259.00 -0.903
258.00 -0.809
257.00 -0.926
256.00 -0.796
255.00 -0.914
254.00 -0.688
253.00 -0.806
252.00 -1.153
251.00 -0.794
250.00 -1.095
249.00 -0.846
248.00 -1.000
247.00 -1.169
246.00 -0.934
245.00 -0.981
244.00 -0.980
243.00 -1.397
242.00 -1.430
241.00 -1.159
240.00 -1.874
239.00 -1.747
238.00 -2.264
237.00 -1.957
236.00 -2.488
235.00 -2.715
234.00 -3.188
233.00 -3.878
232.00 -4.059
231.00 -4.668
230.00 -5.016
229.00 -5.300
228.00 -5.630
227.00 -5.956
226.00 -6.106
225.00 -6.565
224.00 -7.086
223.00 -7.182
222.00 -7.440
221.00 -7.824
220.00 -7.568
219.00 -7.269
218.00 -7.338
217.00 -7.303
216.00 -7.247
215.00 -6.730
214.00 -7.068
213.00 -6.969
212.00 -7.434
211.00 -7.227
210.00 -7.314
209.00 -7.546
208.00 -6.878
207.00 -6.899
206.00 -6.108
205.00 -6.267
204.00 -4.727
203.00 -4.958
202.00 0.918
201.00 1.518
200.00 4.566
_data_end_
