data_name 4rnsx.008
_date_  10-30-2013
_time_  11:26:17
_software_ AVIV 60DS  V4.1t
_raw_data_
_hardware_tc_ 1
_fs_range_ 500.000000
_fs_cal_ 100.000000
_gain_factor_ 5.000000
_err_strngncy_ 3
_error_filter_  10
_srvo_strngncy_ 4
_n_points  61
x_decr
x_unit nanometers
y_unit millidegrees
_y_type_   millidegrees
oplevel 1.005 uAx2
_slit_mode_ _constant_bandwidth_
bandwidth 1.50 nm
_temperature_ 25.0 C
_x_range   200.00 to 260.00 nanometers
scan_step 1.00 nm
_avg_time_ 2.0 s
_data_
260.00 -0.657
259.00 -0.843
258.00 -0.946
257.00 -0.833
256.00 -1.055
255.00 -0.859
254.00 -0.877
253.00 -0.928
252.00 -0.951
251.00 -0.991
250.00 -0.977
249.00 -0.777
248.00 -0.660
247.00 -0.911
246.00 -0.858
245.00 -1.141
244.00 -1.153
243.00 -1.042
242.00 -1.668
241.00 -1.545
240.00 -1.700
239.00 -1.885
238.00 -1.975
237.00 -2.214
236.00 -2.555
235.00 -2.827
234.00 -3.637
233.00 -3.631
232.00 -4.192
231.00 -4.898
230.00 -5.158
229.00 -5.833
228.00 -5.744
227.00 -5.822
226.00 -6.406
225.00 -6.403
224.00 -7.401
223.00 -7.284
222.00 -7.321
221.00 -7.416
220.00 -7.264
219.00 -7.301
218.00 -7.569
217.00 -7.737
216.00 -6.986
215.00 -7.205
214.00 -7.403
213.00 -7.191
212.00 -6.876
211.00 -7.668
210.00 -7.333
209.00 -7.460
208.00 -7.552
207.00 -8.698
206.00 -6.908
205.00 -5.588
204.00 -3.228
203.00 -4.261
202.00 -0.057
201.00 0.753
200.00 4.855
_data_end_
