data_name 4rnsx.007
_date_  10-30-2013
_time_  11:22:48
_software_ AVIV 60DS  V4.1t
_raw_data_
_hardware_tc_ 1
_fs_range_ 500.000000
_fs_cal_ 100.000000
_gain_factor_ 5.000000
_err_strngncy_ 3
_error_filter_  10
_srvo_strngncy_ 4
_n_points  61
x_decr
x_unit nanometers
y_unit millidegrees
_y_type_   millidegrees
oplevel 1.005 uAx2
_slit_mode_ _constant_bandwidth_
bandwidth 1.50 nm
_temperature_ 25.0 C
_x_range   200.00 to 260.00 nanometers
scan_step 1.00 nm
_avg_time_ 2.0 s
_data_
260.00 -0.816
259.00 -0.731
258.00 -0.751
257.00 -0.727
256.00 -0.567
255.00 -0.488
254.00 -0.842
253.00 -0.729
252.00 -0.740
251.00 -0.774
250.00 -0.434
249.00 -0.783
248.00 -1.009
247.00 -0.991
246.00 -0.714
245.00 -1.213
244.00 -1.345
243.00 -1.048
242.00 -1.315
241.00 -1.370
240.00 -1.491
239.00 -1.963
238.00 -1.959
237.00 -2.353
236.00 -2.572
235.00 -3.058
234.00 -3.227
233.00 -3.987
232.00 -4.286
231.00 -4.435
230.00 -4.656
229.00 -5.134
228.00 -5.269
227.00 -5.882
226.00 -6.220
225.00 -6.624
224.00 -6.448
223.00 -7.132
222.00 -7.305
221.00 -7.526
220.00 -7.112
219.00 -7.754
218.00 -7.096
217.00 -7.288
216.00 -6.893
215.00 -6.548
214.00 -7.094
213.00 -6.787
212.00 -6.521
211.00 -6.627
210.00 -6.918
209.00 -7.024
208.00 -7.417
207.00 -6.695
206.00 -6.066
205.00 -6.849
204.00 -4.651
203.00 -3.464
202.00 -2.274
201.00 2.203
200.00 4.700
_data_end_
