data_name 4rnsx.005
_date_  10-30-2013
_time_  11:15:48
_software_ AVIV 60DS  V4.1t
_raw_data_
_hardware_tc_ 1
_fs_range_ 500.000000
_fs_cal_ 100.000000
_gain_factor_ 5.000000
_err_strngncy_ 3
_error_filter_  10
_srvo_strngncy_ 4
_n_points  61
x_decr
x_unit nanometers
y_unit millidegrees
_y_type_   millidegrees
oplevel 1.005 uAx2
_slit_mode_ _constant_bandwidth_
bandwidth 1.50 nm
_temperature_ 25.0 C
_x_range   200.00 to 260.00 nanometers
scan_step 1.00 nm
_avg_time_ 2.0 s
_data_
260.00 -0.731
259.00 -0.783
258.00 -0.528
257.00 -0.761
256.00 -0.939
255.00 -0.789
254.00 -0.932
253.00 -0.895
252.00 -0.655
251.00 -0.869
250.00 -0.768
249.00 -0.780
248.00 -1.215
247.00 -0.759
246.00 -1.205
245.00 -1.139
244.00 -1.025
243.00 -1.360
242.00 -1.448
241.00 -1.400
240.00 -1.607
239.00 -1.999
238.00 -2.190
237.00 -2.255
236.00 -2.595
235.00 -3.097
234.00 -3.396
233.00 -3.939
232.00 -4.276
231.00 -5.010
230.00 -5.123
229.00 -5.489
228.00 -5.745
227.00 -5.787
226.00 -6.012
225.00 -7.070
224.00 -7.078
223.00 -7.123
222.00 -7.399
221.00 -7.296
220.00 -7.371
219.00 -8.185
218.00 -7.475
217.00 -7.534
216.00 -7.492
215.00 -6.498
214.00 -7.063
213.00 -7.201
212.00 -7.323
211.00 -7.239
210.00 -7.534
209.00 -7.011
208.00 -7.796
207.00 -7.714
206.00 -6.118
205.00 -6.065
204.00 -4.420
203.00 -3.247
202.00 -1.199
201.00 1.013
200.00 1.141
_data_end_
