data_name 4rbnsx.010
_date_  10-30-2013
_time_  12:44:59
_software_ AVIV 60DS  V4.1t
_raw_data_
_hardware_tc_ 1
_fs_range_ 500.000000
_fs_cal_ 100.000000
_gain_factor_ 5.000000
_err_strngncy_ 3
_error_filter_  10
_srvo_strngncy_ 4
_n_points  61
x_decr
x_unit nanometers
y_unit millidegrees
_y_type_   millidegrees
oplevel 1.005 uAx2
_slit_mode_ _constant_bandwidth_
bandwidth 1.50 nm
_temperature_ 25.0 C
_x_range   200.00 to 260.00 nanometers
scan_step 1.00 nm
_avg_time_ 1.0 s
_data_
260.00 -0.475
259.00 -0.551
258.00 -0.917
257.00 -1.189
256.00 -1.120
255.00 -0.553
254.00 -1.024
253.00 -0.660
252.00 -0.790
251.00 -0.900
250.00 -0.582
249.00 -0.976
248.00 -0.596
247.00 -0.664
246.00 -0.456
245.00 -0.605
244.00 -0.655
243.00 -0.804
242.00 -0.319
241.00 -0.777
240.00 -0.535
239.00 -1.181
238.00 -1.010
237.00 -0.916
236.00 -0.744
235.00 -0.239
234.00 -1.003
233.00 -0.580
232.00 -1.479
231.00 -1.095
230.00 -0.522
229.00 -0.624
228.00 -0.303
227.00 -0.978
226.00 -0.171
225.00 -0.114
224.00 -0.512
223.00 0.358
222.00 -0.722
221.00 0.053
220.00 -0.729
219.00 -0.780
218.00 0.262
217.00 0.165
216.00 0.591
215.00 0.855
214.00 0.753
213.00 0.309
212.00 2.112
211.00 -0.032
210.00 1.219
209.00 0.408
208.00 2.363
207.00 0.950
206.00 1.924
205.00 -0.265
204.00 2.860
203.00 -1.472
202.00 3.617
201.00 2.435
200.00 -4.923
_data_end_
