data_name 4rbnsx.009
_date_  10-30-2013
_time_  12:42:20
_software_ AVIV 60DS  V4.1t
_raw_data_
_hardware_tc_ 1
_fs_range_ 500.000000
_fs_cal_ 100.000000
_gain_factor_ 5.000000
_err_strngncy_ 3
_error_filter_  10
_srvo_strngncy_ 4
_n_points  61
x_decr
x_unit nanometers
y_unit millidegrees
_y_type_   millidegrees
oplevel 1.005 uAx2
_slit_mode_ _constant_bandwidth_
bandwidth 1.50 nm
_temperature_ 25.0 C
_x_range   200.00 to 260.00 nanometers
scan_step 1.00 nm
_avg_time_ 1.0 s
_data_
260.00 -0.577
259.00 -0.310
258.00 -1.044
257.00 -0.772
256.00 -0.827
255.00 -0.786
254.00 -0.930
253.00 -1.084
252.00 -1.020
251.00 -0.778
250.00 -0.503
249.00 -0.375
248.00 -0.545
247.00 -0.803
246.00 -0.746
245.00 -0.451
244.00 -0.660
243.00 -1.245
242.00 -0.702
241.00 -0.870
240.00 -0.537
239.00 -0.758
238.00 -0.522
237.00 -0.391
236.00 -0.726
235.00 -0.448
234.00 -0.572
233.00 -0.780
232.00 -0.481
231.00 -0.790
230.00 -0.767
229.00 -0.518
228.00 -0.706
227.00 -0.246
226.00 -0.052
225.00 -0.572
224.00 -0.291
223.00 -0.386
222.00 -0.115
221.00 -0.708
220.00 -0.024
219.00 -0.190
218.00 0.188
217.00 0.064
216.00 0.393
215.00 0.584
214.00 1.049
213.00 0.256
212.00 0.672
211.00 -0.167
210.00 0.662
209.00 0.108
208.00 -0.079
207.00 0.161
206.00 1.055
205.00 2.800
204.00 0.730
203.00 4.950
202.00 1.123
201.00 1.129
200.00 3.806
_data_end_
