data_name 4rbnsx.003
_date_  10-30-2013
_time_  12:26:31
_software_ AVIV 60DS  V4.1t
_raw_data_
_hardware_tc_ 1
_fs_range_ 500.000000
_fs_cal_ 100.000000
_gain_factor_ 5.000000
_err_strngncy_ 3
_error_filter_  10
_srvo_strngncy_ 4
_n_points  61
x_decr
x_unit nanometers
y_unit millidegrees
_y_type_   millidegrees
oplevel 1.005 uAx2
_slit_mode_ _constant_bandwidth_
bandwidth 1.50 nm
_temperature_ 25.0 C
_x_range   200.00 to 260.00 nanometers
scan_step 1.00 nm
_avg_time_ 1.0 s
_data_
260.00 -0.769
259.00 -0.768
258.00 -0.834
257.00 -0.522
256.00 -0.487
255.00 -0.842
254.00 -0.691
253.00 -0.931
252.00 -0.821
251.00 -0.679
250.00 -0.526
249.00 -0.996
248.00 -0.560
247.00 -0.892
246.00 -0.874
245.00 -0.956
244.00 -0.954
243.00 -0.738
242.00 -0.848
241.00 -0.972
240.00 -0.879
239.00 -0.415
238.00 -0.812
237.00 -1.202
236.00 -0.658
235.00 -0.783
234.00 -0.382
233.00 -0.521
232.00 -0.251
231.00 -0.378
230.00 -0.439
229.00 -0.407
228.00 -0.556
227.00 -0.021
226.00 -0.031
225.00 -0.877
224.00 -0.693
223.00 0.081
222.00 -0.049
221.00 -0.598
220.00 -0.594
219.00 0.133
218.00 0.250
217.00 -0.022
216.00 -0.349
215.00 0.520
214.00 0.345
213.00 0.884
212.00 0.837
211.00 0.716
210.00 0.863
209.00 1.108
208.00 0.622
207.00 -0.893
206.00 1.378
205.00 2.242
204.00 -0.820
203.00 -0.915
202.00 0.144
201.00 -0.760
200.00 4.160
_data_end_
