data_name 4rbnsx.012
_date_  10-30-2013
_time_  12:50:15
_software_ AVIV 60DS  V4.1t
_raw_data_
_hardware_tc_ 1
_fs_range_ 500.000000
_fs_cal_ 100.000000
_gain_factor_ 5.000000
_err_strngncy_ 3
_error_filter_  10
_srvo_strngncy_ 4
_n_points  61
x_decr
x_unit nanometers
y_unit millidegrees
_y_type_   millidegrees
oplevel 1.005 uAx2
_slit_mode_ _constant_bandwidth_
bandwidth 1.50 nm
_temperature_ 25.0 C
_x_range   200.00 to 260.00 nanometers
scan_step 1.00 nm
_avg_time_ 1.0 s
_data_
260.00 -0.170
259.00 -0.948
258.00 -0.405
257.00 -0.692
256.00 -0.666
255.00 -0.765
254.00 -1.432
253.00 -0.411
252.00 -0.729
251.00 -0.980
250.00 -0.941
249.00 -0.795
248.00 -0.668
247.00 -0.318
246.00 -0.709
245.00 -0.907
244.00 -0.789
243.00 -0.757
242.00 -0.593
241.00 -1.001
240.00 -1.109
239.00 -0.575
238.00 -0.705
237.00 -0.926
236.00 -0.366
235.00 -0.487
234.00 -0.530
233.00 -0.621
232.00 -0.959
231.00 -0.376
230.00 -0.184
229.00 -0.276
228.00 -0.997
227.00 0.050
226.00 -0.277
225.00 -0.633
224.00 -0.510
223.00 -0.598
222.00 -0.085
221.00 0.217
220.00 -0.604
219.00 0.383
218.00 0.586
217.00 0.061
216.00 0.859
215.00 0.192
214.00 0.292
213.00 0.462
212.00 0.911
211.00 0.725
210.00 0.975
209.00 0.952
208.00 -0.338
207.00 0.422
206.00 1.004
205.00 3.024
204.00 3.620
203.00 3.124
202.00 5.386
201.00 3.273
200.00 -8.538
_data_end_
