data_name 4rbnsx.011
_date_  10-30-2013
_time_  12:47:37
_software_ AVIV 60DS  V4.1t
_raw_data_
_hardware_tc_ 1
_fs_range_ 500.000000
_fs_cal_ 100.000000
_gain_factor_ 5.000000
_err_strngncy_ 3
_error_filter_  10
_srvo_strngncy_ 4
_n_points  61
x_decr
x_unit nanometers
y_unit millidegrees
_y_type_   millidegrees
oplevel 1.005 uAx2
_slit_mode_ _constant_bandwidth_
bandwidth 1.50 nm
_temperature_ 25.0 C
_x_range   200.00 to 260.00 nanometers
scan_step 1.00 nm
_avg_time_ 1.0 s
_data_
260.00 -0.502
259.00 -0.553
258.00 -0.939
257.00 -1.200
256.00 -0.689
255.00 -0.927
254.00 -0.843
253.00 -0.674
252.00 -0.555
251.00 -1.247
250.00 -0.845
249.00 -0.828
248.00 -0.759
247.00 -0.894
246.00 -1.269
245.00 -0.873
244.00 -0.653
243.00 -0.697
242.00 -0.729
241.00 -0.998
240.00 -0.629
239.00 -0.644
238.00 -0.920
237.00 -0.710
236.00 -0.749
235.00 -0.903
234.00 -0.839
233.00 -0.696
232.00 -0.259
231.00 -0.583
230.00 -0.082
229.00 -0.738
228.00 -0.253
227.00 -0.454
226.00 -0.453
225.00 -0.023
224.00 -0.386
223.00 0.103
222.00 -0.612
221.00 -0.017
220.00 0.125
219.00 0.034
218.00 0.344
217.00 0.630
216.00 0.120
215.00 0.383
214.00 1.167
213.00 -0.021
212.00 0.622
211.00 1.127
210.00 0.631
209.00 0.976
208.00 -0.804
207.00 2.209
206.00 1.645
205.00 1.067
204.00 2.530
203.00 4.696
202.00 2.038
201.00 -0.742
200.00 6.041
_data_end_
