data_name 4rbnsx.001
_date_  10-30-2013
_time_  12:21:15
_software_ AVIV 60DS  V4.1t
_raw_data_
_hardware_tc_ 1
_fs_range_ 500.000000
_fs_cal_ 100.000000
_gain_factor_ 5.000000
_err_strngncy_ 3
_error_filter_  10
_srvo_strngncy_ 4
_n_points  61
x_decr
x_unit nanometers
y_unit millidegrees
_y_type_   millidegrees
oplevel 1.005 uAx2
_slit_mode_ _constant_bandwidth_
bandwidth 1.50 nm
_temperature_ 25.0 C
_x_range   200.00 to 260.00 nanometers
scan_step 1.00 nm
_avg_time_ 1.0 s
_data_
260.00 -0.948
259.00 -0.121
258.00 -1.040
257.00 -0.893
256.00 -0.660
255.00 -0.604
254.00 -0.535
253.00 -0.851
252.00 -0.744
251.00 -1.069
250.00 -0.453
249.00 -0.939
248.00 -0.799
247.00 -0.581
246.00 -0.688
245.00 -0.685
244.00 -0.599
243.00 -0.787
242.00 -0.942
241.00 -0.567
240.00 -0.723
239.00 -0.822
238.00 -0.605
237.00 -0.234
236.00 -1.069
235.00 -0.916
234.00 -0.859
233.00 -0.908
232.00 -0.515
231.00 -0.417
230.00 -0.156
229.00 -0.461
228.00 -0.648
227.00 -0.983
226.00 -0.406
225.00 -0.853
224.00 -0.136
223.00 -0.091
222.00 -0.260
221.00 -0.009
220.00 -0.319
219.00 -0.123
218.00 -0.322
217.00 -0.177
216.00 0.069
215.00 0.597
214.00 0.745
213.00 0.162
212.00 0.043
211.00 1.128
210.00 1.754
209.00 1.807
208.00 0.052
207.00 1.524
206.00 0.788
205.00 -0.070
204.00 -0.019
203.00 3.880
202.00 0.907
201.00 -12.869
200.00 5.644
_data_end_
