data_name 4rbnsx.007
_date_  10-30-2013
_time_  12:37:03
_software_ AVIV 60DS  V4.1t
_raw_data_
_hardware_tc_ 1
_fs_range_ 500.000000
_fs_cal_ 100.000000
_gain_factor_ 5.000000
_err_strngncy_ 3
_error_filter_  10
_srvo_strngncy_ 4
_n_points  61
x_decr
x_unit nanometers
y_unit millidegrees
_y_type_   millidegrees
oplevel 1.005 uAx2
_slit_mode_ _constant_bandwidth_
bandwidth 1.50 nm
_temperature_ 25.0 C
_x_range   200.00 to 260.00 nanometers
scan_step 1.00 nm
_avg_time_ 1.0 s
_data_
260.00 -0.508
259.00 -0.481
258.00 -0.659
257.00 -0.748
256.00 -0.727
255.00 -0.880
254.00 -0.633
253.00 -0.692
252.00 -0.951
251.00 -1.006
250.00 -0.629
249.00 -0.576
248.00 -0.833
247.00 -0.516
246.00 -0.446
245.00 -0.507
244.00 -0.796
243.00 -0.478
242.00 -0.489
241.00 -0.740
240.00 -0.702
239.00 -0.705
238.00 -0.997
237.00 -0.756
236.00 -0.587
235.00 -0.991
234.00 -0.644
233.00 -0.363
232.00 -0.604
231.00 -1.049
230.00 -0.843
229.00 -0.427
228.00 -0.683
227.00 -0.569
226.00 -0.197
225.00 0.052
224.00 -0.729
223.00 -0.500
222.00 -0.027
221.00 0.062
220.00 0.175
219.00 -0.163
218.00 0.206
217.00 -0.288
216.00 0.460
215.00 0.498
214.00 0.548
213.00 1.010
212.00 1.301
211.00 1.531
210.00 0.904
209.00 0.176
208.00 1.062
207.00 0.696
206.00 0.277
205.00 0.990
204.00 2.878
203.00 4.092
202.00 2.600
201.00 8.665
200.00 -4.698
_data_end_
