data_name 4rbnsx.008
_date_  10-30-2013
_time_  12:39:41
_software_ AVIV 60DS  V4.1t
_raw_data_
_hardware_tc_ 1
_fs_range_ 500.000000
_fs_cal_ 100.000000
_gain_factor_ 5.000000
_err_strngncy_ 3
_error_filter_  10
_srvo_strngncy_ 4
_n_points  61
x_decr
x_unit nanometers
y_unit millidegrees
_y_type_   millidegrees
oplevel 1.005 uAx2
_slit_mode_ _constant_bandwidth_
bandwidth 1.50 nm
_temperature_ 25.0 C
_x_range   200.00 to 260.00 nanometers
scan_step 1.00 nm
_avg_time_ 1.0 s
_data_
260.00 -0.428
259.00 -0.487
258.00 -0.626
257.00 -0.813
256.00 -0.648
255.00 -0.962
254.00 -1.067
253.00 -0.479
252.00 -0.709
251.00 -1.023
250.00 -0.547
249.00 -0.732
248.00 -0.551
247.00 -0.842
246.00 -0.986
245.00 -0.848
244.00 -0.551
243.00 -0.826
242.00 -1.131
241.00 -1.027
240.00 -0.404
239.00 -0.904
238.00 -0.960
237.00 -0.652
236.00 -0.747
235.00 -0.544
234.00 -0.865
233.00 -0.186
232.00 -0.664
231.00 -0.669
230.00 -0.527
229.00 -0.229
228.00 -0.721
227.00 -0.330
226.00 -0.665
225.00 -0.281
224.00 -0.175
223.00 -0.927
222.00 0.205
221.00 -0.265
220.00 -0.353
219.00 -0.213
218.00 0.326
217.00 1.174
216.00 0.664
215.00 0.464
214.00 0.576
213.00 1.243
212.00 0.884
211.00 0.886
210.00 1.133
209.00 0.067
208.00 0.285
207.00 1.522
206.00 0.991
205.00 0.192
204.00 2.386
203.00 -0.312
202.00 5.391
201.00 2.222
200.00 -1.157
_data_end_
