data_name 4rbnsx.006
_date_  10-30-2013
_time_  12:34:24
_software_ AVIV 60DS  V4.1t
_raw_data_
_hardware_tc_ 1
_fs_range_ 500.000000
_fs_cal_ 100.000000
_gain_factor_ 5.000000
_err_strngncy_ 3
_error_filter_  10
_srvo_strngncy_ 4
_n_points  61
x_decr
x_unit nanometers
y_unit millidegrees
_y_type_   millidegrees
oplevel 1.005 uAx2
_slit_mode_ _constant_bandwidth_
bandwidth 1.50 nm
_temperature_ 25.0 C
_x_range   200.00 to 260.00 nanometers
scan_step 1.00 nm
_avg_time_ 1.0 s
_data_
260.00 -0.982
259.00 -0.970
258.00 -0.854
257.00 -0.656
256.00 -0.680
255.00 -0.656
254.00 -0.480
253.00 -0.289
252.00 -0.822
251.00 -0.660
250.00 -0.965
249.00 -0.509
248.00 -0.699
247.00 -0.558
246.00 -0.944
245.00 -0.953
244.00 -0.603
243.00 -0.986
242.00 -1.420
241.00 -0.790
240.00 -0.482
239.00 -0.653
238.00 -0.665
237.00 -0.789
236.00 -0.955
235.00 -0.689
234.00 -0.626
233.00 -0.735
232.00 -0.603
231.00 -0.863
230.00 -0.592
229.00 -0.344
228.00 -0.088
227.00 -0.316
226.00 -0.544
225.00 0.017
224.00 -0.432
223.00 -0.506
222.00 -0.667
221.00 0.206
220.00 -0.145
219.00 0.279
218.00 0.251
217.00 0.232
216.00 0.894
215.00 0.789
214.00 0.141
213.00 0.601
212.00 0.705
211.00 1.427
210.00 0.846
209.00 0.994
208.00 0.923
207.00 1.317
206.00 0.990
205.00 -0.074
204.00 2.746
203.00 1.632
202.00 1.457
201.00 -3.354
200.00 -1.296
_data_end_
