data_name 4rbnsx.013
_date_  10-30-2013
_time_  12:52:53
_software_ AVIV 60DS  V4.1t
_raw_data_
_hardware_tc_ 1
_fs_range_ 500.000000
_fs_cal_ 100.000000
_gain_factor_ 5.000000
_err_strngncy_ 3
_error_filter_  10
_srvo_strngncy_ 4
_n_points  61
x_decr
x_unit nanometers
y_unit millidegrees
_y_type_   millidegrees
oplevel 1.005 uAx2
_slit_mode_ _constant_bandwidth_
bandwidth 1.50 nm
_temperature_ 25.0 C
_x_range   200.00 to 260.00 nanometers
scan_step 1.00 nm
_avg_time_ 1.0 s
_data_
260.00 -0.861
259.00 -0.828
258.00 -0.959
257.00 -0.476
256.00 -0.956
255.00 -0.666
254.00 -0.637
253.00 -1.084
252.00 -0.605
251.00 -0.634
250.00 -0.725
249.00 -0.423
248.00 -0.517
247.00 -1.333
246.00 -0.738
245.00 -1.063
244.00 -0.618
243.00 -0.971
242.00 -0.535
241.00 -1.047
240.00 -0.971
239.00 -0.358
238.00 -0.842
237.00 -0.569
236.00 -0.754
235.00 -0.742
234.00 -0.717
233.00 -0.531
232.00 -1.039
231.00 -0.923
230.00 -0.887
229.00 -0.540
228.00 -0.410
227.00 -0.367
226.00 -0.412
225.00 0.068
224.00 -0.817
223.00 -0.142
222.00 -0.153
221.00 -0.281
220.00 0.206
219.00 0.241
218.00 0.903
217.00 -0.589
216.00 0.291
215.00 0.165
214.00 1.343
213.00 0.287
212.00 0.596
211.00 0.661
210.00 -0.059
209.00 1.802
208.00 1.978
207.00 1.889
206.00 -0.244
205.00 1.471
204.00 -2.380
203.00 -0.590
202.00 -0.134
201.00 -1.179
200.00 -5.166
_data_end_
