data_name 4rbnsx.004
_date_  10-30-2013
_time_  12:29:09
_software_ AVIV 60DS  V4.1t
_raw_data_
_hardware_tc_ 1
_fs_range_ 500.000000
_fs_cal_ 100.000000
_gain_factor_ 5.000000
_err_strngncy_ 3
_error_filter_  10
_srvo_strngncy_ 4
_n_points  61
x_decr
x_unit nanometers
y_unit millidegrees
_y_type_   millidegrees
oplevel 1.005 uAx2
_slit_mode_ _constant_bandwidth_
bandwidth 1.50 nm
_temperature_ 25.0 C
_x_range   200.00 to 260.00 nanometers
scan_step 1.00 nm
_avg_time_ 1.0 s
_data_
260.00 -0.863
259.00 -0.810
258.00 -0.802
257.00 -0.827
256.00 -0.616
255.00 -0.608
254.00 -0.660
253.00 -0.934
252.00 -0.867
251.00 -0.697
250.00 -1.079
249.00 -0.965
248.00 -0.767
247.00 -1.186
246.00 -0.853
245.00 -0.502
244.00 -0.941
243.00 -0.786
242.00 -0.799
241.00 -0.432
240.00 -0.413
239.00 -0.609
238.00 -0.651
237.00 -0.880
236.00 -0.493
235.00 -0.813
234.00 -0.748
233.00 -0.265
232.00 -1.077
231.00 -0.964
230.00 -0.477
229.00 -0.699
228.00 -0.385
227.00 -0.294
226.00 -0.338
225.00 -0.468
224.00 -0.782
223.00 0.013
222.00 -0.299
221.00 -0.275
220.00 0.578
219.00 0.640
218.00 0.409
217.00 0.263
216.00 0.332
215.00 0.674
214.00 0.474
213.00 0.971
212.00 0.774
211.00 0.830
210.00 2.085
209.00 0.507
208.00 1.558
207.00 0.852
206.00 1.812
205.00 0.577
204.00 2.395
203.00 -2.722
202.00 -1.305
201.00 2.346
200.00 -4.545
_data_end_
