data_name 4rbnsx.005
_date_  10-30-2013
_time_  12:31:47
_software_ AVIV 60DS  V4.1t
_raw_data_
_hardware_tc_ 1
_fs_range_ 500.000000
_fs_cal_ 100.000000
_gain_factor_ 5.000000
_err_strngncy_ 3
_error_filter_  10
_srvo_strngncy_ 4
_n_points  61
x_decr
x_unit nanometers
y_unit millidegrees
_y_type_   millidegrees
oplevel 1.005 uAx2
_slit_mode_ _constant_bandwidth_
bandwidth 1.50 nm
_temperature_ 25.0 C
_x_range   200.00 to 260.00 nanometers
scan_step 1.00 nm
_avg_time_ 1.0 s
_data_
260.00 -0.610
259.00 -0.379
258.00 -0.793
257.00 -0.530
256.00 -0.980
255.00 -1.145
254.00 -0.796
253.00 -0.771
252.00 -1.148
251.00 -0.400
250.00 -0.575
249.00 -0.657
248.00 -0.540
247.00 -0.770
246.00 -1.184
245.00 -1.004
244.00 -0.337
243.00 -1.077
242.00 -0.599
241.00 -0.629
240.00 -1.020
239.00 -0.901
238.00 -0.169
237.00 -0.268
236.00 -0.644
235.00 -1.087
234.00 -0.601
233.00 -0.857
232.00 -0.501
231.00 -0.738
230.00 -0.133
229.00 -0.678
228.00 -0.637
227.00 -0.119
226.00 -0.355
225.00 -0.341
224.00 -0.138
223.00 0.628
222.00 -0.039
221.00 -0.032
220.00 -0.092
219.00 0.330
218.00 -0.139
217.00 0.208
216.00 -0.089
215.00 0.813
214.00 0.946
213.00 0.523
212.00 0.705
211.00 0.703
210.00 0.051
209.00 0.788
208.00 0.506
207.00 0.651
206.00 2.316
205.00 0.925
204.00 -0.885
203.00 5.371
202.00 4.538
201.00 6.948
200.00 -4.776
_data_end_
