data_name 4rbnsx.015
_date_  10-30-2013
_time_  12:58:09
_software_ AVIV 60DS  V4.1t
_raw_data_
_hardware_tc_ 1
_fs_range_ 500.000000
_fs_cal_ 100.000000
_gain_factor_ 5.000000
_err_strngncy_ 3
_error_filter_  10
_srvo_strngncy_ 4
_n_points  61
x_decr
x_unit nanometers
y_unit millidegrees
_y_type_   millidegrees
oplevel 1.005 uAx2
_slit_mode_ _constant_bandwidth_
bandwidth 1.50 nm
_temperature_ 25.0 C
_x_range   200.00 to 260.00 nanometers
scan_step 1.00 nm
_avg_time_ 1.0 s
_data_
260.00 -0.878
259.00 -0.675
258.00 -0.292
257.00 -0.966
256.00 -0.866
255.00 -0.876
254.00 -0.845
253.00 -0.903
252.00 -0.952
251.00 -0.660
250.00 -0.948
249.00 -0.591
248.00 -0.929
247.00 -1.006
246.00 -1.017
245.00 -0.628
244.00 -0.694
243.00 -0.883
242.00 -0.669
241.00 -0.569
240.00 -0.753
239.00 -0.813
238.00 -0.566
237.00 -0.711
236.00 -0.407
235.00 -0.488
234.00 -1.021
233.00 -1.027
232.00 -1.130
231.00 -0.337
230.00 -1.401
229.00 -0.616
228.00 -0.261
227.00 -0.845
226.00 -0.175
225.00 -0.535
224.00 0.146
223.00 -0.327
222.00 -0.115
221.00 0.252
220.00 0.050
219.00 0.694
218.00 -0.368
217.00 -0.037
216.00 0.861
215.00 0.828
214.00 -0.022
213.00 0.889
212.00 0.685
211.00 0.440
210.00 1.639
209.00 1.203
208.00 0.487
207.00 1.502
206.00 0.898
205.00 0.527
204.00 1.629
203.00 3.936
202.00 2.455
201.00 3.671
200.00 2.854
_data_end_
