data_name 4rbnsx.002
_date_  10-30-2013
_time_  12:23:53
_software_ AVIV 60DS  V4.1t
_raw_data_
_hardware_tc_ 1
_fs_range_ 500.000000
_fs_cal_ 100.000000
_gain_factor_ 5.000000
_err_strngncy_ 3
_error_filter_  10
_srvo_strngncy_ 4
_n_points  61
x_decr
x_unit nanometers
y_unit millidegrees
_y_type_   millidegrees
oplevel 1.005 uAx2
_slit_mode_ _constant_bandwidth_
bandwidth 1.50 nm
_temperature_ 25.0 C
_x_range   200.00 to 260.00 nanometers
scan_step 1.00 nm
_avg_time_ 1.0 s
_data_
260.00 -0.530
259.00 -0.390
258.00 -0.886
257.00 -0.718
256.00 -0.892
255.00 -0.840
254.00 -1.171
253.00 -0.691
252.00 -0.729
251.00 -1.028
250.00 -1.048
249.00 -0.541
248.00 -0.688
247.00 -0.837
246.00 -0.951
245.00 -0.686
244.00 -0.922
243.00 -0.728
242.00 -0.899
241.00 -1.063
240.00 -0.537
239.00 -0.772
238.00 -1.014
237.00 -0.497
236.00 -1.052
235.00 -0.508
234.00 -1.026
233.00 -0.446
232.00 -0.792
231.00 -0.873
230.00 -0.286
229.00 -0.443
228.00 -0.808
227.00 -0.728
226.00 -0.796
225.00 -0.035
224.00 -0.409
223.00 0.091
222.00 0.240
221.00 -0.435
220.00 -0.138
219.00 0.121
218.00 -0.319
217.00 -0.022
216.00 0.020
215.00 0.355
214.00 0.245
213.00 -0.012
212.00 0.931
211.00 0.779
210.00 0.734
209.00 0.712
208.00 0.564
207.00 1.013
206.00 1.613
205.00 0.597
204.00 3.308
203.00 -2.081
202.00 2.304
201.00 4.641
200.00 1.956
_data_end_
